1	1
2	2
3	3
4	4
5	5
6	6
7	7
8	8
9	9
10	11
11	22
12	33
13	44
14	55
15	66
16	77
17	88
18	99
19	101
20	111
21	121
22	131
23	141
24	151
25	161
26	171
27	181
28	191
29	202
30	212
31	222
32	232
33	242
34	252
35	262
36	272
37	282
38	292
39	303
40	313
41	323
42	333
43	343
44	353
45	363
46	373
47	383
48	393
49	404
50	414
51	424
52	434
53	444
54	454
55	464
56	474
57	484
58	494
59	505
60	515
61	525
62	535
63	545
64	555
65	565
66	575
67	585
68	595
69	606
70	616
71	626
72	636
73	646
74	656
75	666
76	676
77	686
78	696
79	707
80	717
81	727
82	737
83	747
84	757
85	767
86	777
87	787
88	797
89	808
90	818
91	828
92	838
93	848
94	858
95	868
96	878
97	888
98	898
99	909
100	919
101	929
102	939
103	949
104	959
105	969
106	979
107	989
108	999
109	1001
110	1111
111	1221
112	1331
113	1441
114	1551
115	1661
116	1771
117	1881
118	1991
119	2002
120	2112
121	2222
122	2332
123	2442
124	2552
125	2662
126	2772
127	2882
128	2992
129	3003
130	3113
131	3223
132	3333
133	3443
134	3553
135	3663
136	3773
137	3883
138	3993
139	4004
140	4114
141	4224
142	4334
143	4444
144	4554
145	4664
146	4774
147	4884
148	4994
149	5005
150	5115
151	5225
152	5335
153	5445
154	5555
155	5665
156	5775
157	5885
158	5995
159	6006
160	6116
161	6226
162	6336
163	6446
164	6556
165	6666
166	6776
167	6886
168	6996
169	7007
170	7117
171	7227
172	7337
173	7447
174	7557
175	7667
176	7777
177	7887
178	7997
179	8008
180	8118
181	8228
182	8338
183	8448
184	8558
185	8668
186	8778
187	8888
188	8998
189	9009
190	9119
191	9229
192	9339
193	9449
194	9559
195	9669
196	9779
197	9889
198	9999
199	10001
200	10101
201	10201
202	10301
203	10401
204	10501
205	10601
206	10701
207	10801
208	10901
209	11011
210	11111
211	11211
212	11311
213	11411
214	11511
215	11611
216	11711
217	11811
218	11911
219	12021
220	12121
221	12221
222	12321
223	12421
224	12521
225	12621
226	12721
227	12821
228	12921
229	13031
230	13131
231	13231
232	13331
233	13431
234	13531
235	13631
236	13731
237	13831
238	13931
239	14041
240	14141
241	14241
242	14341
243	14441
244	14541
245	14641
246	14741
247	14841
248	14941
249	15051
250	15151
251	15251
252	15351
253	15451
254	15551
255	15651
256	15751
257	15851
258	15951
259	16061
260	16161
261	16261
262	16361
263	16461
264	16561
265	16661
266	16761
267	16861
268	16961
269	17071
270	17171
271	17271
272	17371
273	17471
274	17571
275	17671
276	17771
277	17871
278	17971
279	18081
280	18181
281	18281
282	18381
283	18481
284	18581
285	18681
286	18781
287	18881
288	18981
289	19091
290	19191
291	19291
292	19391
293	19491
294	19591
295	19691
296	19791
297	19891
298	19991
299	20002
300	20102
301	20202
302	20302
303	20402
304	20502
305	20602
306	20702
307	20802
308	20902
309	21012
310	21112
311	21212
312	21312
313	21412
314	21512
315	21612
316	21712
317	21812
318	21912
319	22022
320	22122
321	22222
322	22322
323	22422
324	22522
325	22622
326	22722
327	22822
328	22922
329	23032
330	23132
331	23232
332	23332
333	23432
334	23532
335	23632
336	23732
337	23832
338	23932
339	24042
340	24142
341	24242
342	24342
343	24442
344	24542
345	24642
346	24742
347	24842
348	24942
349	25052
350	25152
351	25252
352	25352
353	25452
354	25552
355	25652
356	25752
357	25852
358	25952
359	26062
360	26162
361	26262
362	26362
363	26462
364	26562
365	26662
366	26762
367	26862
368	26962
369	27072
370	27172
371	27272
372	27372
373	27472
374	27572
375	27672
376	27772
377	27872
378	27972
379	28082
380	28182
381	28282
382	28382
383	28482
384	28582
385	28682
386	28782
387	28882
388	28982
389	29092
390	29192
391	29292
392	29392
393	29492
394	29592
395	29692
396	29792
397	29892
398	29992
399	30003
400	30103
401	30203
402	30303
403	30403
404	30503
405	30603
406	30703
407	30803
408	30903
409	31013
410	31113
411	31213
412	31313
413	31413
414	31513
415	31613
416	31713
417	31813
418	31913
419	32023
420	32123
421	32223
422	32323
423	32423
424	32523
425	32623
426	32723
427	32823
428	32923
429	33033
430	33133
431	33233
432	33333
433	33433
434	33533
435	33633
436	33733
437	33833
438	33933
439	34043
440	34143
441	34243
442	34343
443	34443
444	34543
445	34643
446	34743
447	34843
448	34943
449	35053
450	35153
451	35253
452	35353
453	35453
454	35553
455	35653
456	35753
457	35853
458	35953
459	36063
460	36163
461	36263
462	36363
463	36463
464	36563
465	36663
466	36763
467	36863
468	36963
469	37073
470	37173
471	37273
472	37373
473	37473
474	37573
475	37673
476	37773
477	37873
478	37973
479	38083
480	38183
481	38283
482	38383
483	38483
484	38583
485	38683
486	38783
487	38883
488	38983
489	39093
490	39193
491	39293
492	39393
493	39493
494	39593
495	39693
496	39793
497	39893
498	39993
499	40004
500	40104
501	40204
502	40304
503	40404
504	40504
505	40604
506	40704
507	40804
508	40904
509	41014
510	41114
511	41214
512	41314
513	41414
514	41514
515	41614
516	41714
517	41814
518	41914
519	42024
520	42124
521	42224
522	42324
523	42424
524	42524
525	42624
526	42724
527	42824
528	42924
529	43034
530	43134
531	43234
532	43334
533	43434
534	43534
535	43634
536	43734
537	43834
538	43934
539	44044
540	44144
541	44244
542	44344
543	44444
544	44544
545	44644
546	44744
547	44844
548	44944
549	45054
550	45154
551	45254
552	45354
553	45454
554	45554
555	45654
556	45754
557	45854
558	45954
559	46064
560	46164
561	46264
562	46364
563	46464
564	46564
565	46664
566	46764
567	46864
568	46964
569	47074
570	47174
571	47274
572	47374
573	47474
574	47574
575	47674
576	47774
577	47874
578	47974
579	48084
580	48184
581	48284
582	48384
583	48484
584	48584
585	48684
586	48784
587	48884
588	48984
589	49094
590	49194
591	49294
592	49394
593	49494
594	49594
595	49694
596	49794
597	49894
598	49994
599	50005
600	50105
601	50205
602	50305
603	50405
604	50505
605	50605
606	50705
607	50805
608	50905
609	51015
610	51115
611	51215
612	51315
613	51415
614	51515
615	51615
616	51715
617	51815
618	51915
619	52025
620	52125
621	52225
622	52325
623	52425
624	52525
625	52625
626	52725
627	52825
628	52925
629	53035
630	53135
631	53235
632	53335
633	53435
634	53535
635	53635
636	53735
637	53835
638	53935
639	54045
640	54145
641	54245
642	54345
643	54445
644	54545
645	54645
646	54745
647	54845
648	54945
649	55055
650	55155
651	55255
652	55355
653	55455
654	55555
655	55655
656	55755
657	55855
658	55955
659	56065
660	56165
661	56265
662	56365
663	56465
664	56565
665	56665
666	56765
667	56865
668	56965
669	57075
670	57175
671	57275
672	57375
673	57475
674	57575
675	57675
676	57775
677	57875
678	57975
679	58085
680	58185
681	58285
682	58385
683	58485
684	58585
685	58685
686	58785
687	58885
688	58985
689	59095
690	59195
691	59295
692	59395
693	59495
694	59595
695	59695
696	59795
697	59895
698	59995
699	60006
700	60106
701	60206
702	60306
703	60406
704	60506
705	60606
706	60706
707	60806
708	60906
709	61016
710	61116
711	61216
712	61316
713	61416
714	61516
715	61616
716	61716
717	61816
718	61916
719	62026
720	62126
721	62226
722	62326
723	62426
724	62526
725	62626
726	62726
727	62826
728	62926
729	63036
730	63136
731	63236
732	63336
733	63436
734	63536
735	63636
736	63736
737	63836
738	63936
739	64046
740	64146
741	64246
742	64346
743	64446
744	64546
745	64646
746	64746
747	64846
748	64946
749	65056
750	65156
751	65256
752	65356
753	65456
754	65556
755	65656
756	65756
757	65856
758	65956
759	66066
760	66166
761	66266
762	66366
763	66466
764	66566
765	66666
766	66766
767	66866
768	66966
769	67076
770	67176
771	67276
772	67376
773	67476
774	67576
775	67676
776	67776
777	67876
778	67976
779	68086
780	68186
781	68286
782	68386
783	68486
784	68586
785	68686
786	68786
787	68886
788	68986
789	69096
790	69196
791	69296
792	69396
793	69496
794	69596
795	69696
796	69796
797	69896
798	69996
799	70007
800	70107
801	70207
802	70307
803	70407
804	70507
805	70607
806	70707
807	70807
808	70907
809	71017
810	71117
811	71217
812	71317
813	71417
814	71517
815	71617
816	71717
817	71817
818	71917
819	72027
820	72127
821	72227
822	72327
823	72427
824	72527
825	72627
826	72727
827	72827
828	72927
829	73037
830	73137
831	73237
832	73337
833	73437
834	73537
835	73637
836	73737
837	73837
838	73937
839	74047
840	74147
841	74247
842	74347
843	74447
844	74547
845	74647
846	74747
847	74847
848	74947
849	75057
850	75157
851	75257
852	75357
853	75457
854	75557
855	75657
856	75757
857	75857
858	75957
859	76067
860	76167
861	76267
862	76367
863	76467
864	76567
865	76667
866	76767
867	76867
868	76967
869	77077
870	77177
871	77277
872	77377
873	77477
874	77577
875	77677
876	77777
877	77877
878	77977
879	78087
880	78187
881	78287
882	78387
883	78487
884	78587
885	78687
886	78787
887	78887
888	78987
889	79097
890	79197
891	79297
892	79397
893	79497
894	79597
895	79697
896	79797
897	79897
898	79997
899	80008
900	80108
901	80208
902	80308
903	80408
904	80508
905	80608
906	80708
907	80808
908	80908
909	81018
910	81118
911	81218
912	81318
913	81418
914	81518
915	81618
916	81718
917	81818
918	81918
919	82028
920	82128
921	82228
922	82328
923	82428
924	82528
925	82628
926	82728
927	82828
928	82928
929	83038
930	83138
931	83238
932	83338
933	83438
934	83538
935	83638
936	83738
937	83838
938	83938
939	84048
940	84148
941	84248
942	84348
943	84448
944	84548
945	84648
946	84748
947	84848
948	84948
949	85058
950	85158
951	85258
952	85358
953	85458
954	85558
955	85658
956	85758
957	85858
958	85958
959	86068
960	86168
961	86268
962	86368
963	86468
964	86568
965	86668
966	86768
967	86868
968	86968
969	87078
970	87178
971	87278
972	87378
973	87478
974	87578
975	87678
976	87778
977	87878
978	87978
979	88088
980	88188
981	88288
982	88388
983	88488
984	88588
985	88688
986	88788
987	88888
988	88988
989	89098
990	89198
991	89298
992	89398
993	89498
994	89598
995	89698
996	89798
997	89898
998	89998
999	90009
1000	90109
1001	90209
1002	90309
1003	90409
1004	90509
1005	90609
1006	90709
1007	90809
1008	90909
1009	91019
1010	91119
1011	91219
1012	91319
1013	91419
1014	91519
1015	91619
1016	91719
1017	91819
1018	91919
1019	92029
1020	92129
1021	92229
1022	92329
1023	92429
1024	92529
1025	92629
1026	92729
1027	92829
1028	92929
1029	93039
1030	93139
1031	93239
1032	93339
1033	93439
1034	93539
1035	93639
1036	93739
1037	93839
1038	93939
1039	94049
1040	94149
1041	94249
1042	94349
1043	94449
1044	94549
1045	94649
1046	94749
1047	94849
1048	94949
1049	95059
1050	95159
1051	95259
1052	95359
1053	95459
1054	95559
1055	95659
1056	95759
1057	95859
1058	95959
1059	96069
1060	96169
1061	96269
1062	96369
1063	96469
1064	96569
1065	96669
1066	96769
1067	96869
1068	96969
1069	97079
1070	97179
1071	97279
1072	97379
1073	97479
1074	97579
1075	97679
1076	97779
1077	97879
1078	97979
1079	98089
1080	98189
1081	98289
1082	98389
1083	98489
1084	98589
1085	98689
1086	98789
1087	98889
1088	98989
1089	99099
1090	99199
1091	99299
1092	99399
1093	99499
1094	99599
1095	99699
1096	99799
1097	99899
1098	99999
1099	100001
1100	101101
1101	102201
1102	103301
1103	104401
1104	105501
1105	106601
1106	107701
1107	108801
1108	109901
1109	110011
1110	111111
1111	112211
1112	113311
1113	114411
1114	115511
1115	116611
1116	117711
1117	118811
1118	119911
1119	120021
1120	121121
1121	122221
1122	123321
1123	124421
1124	125521
1125	126621
1126	127721
1127	128821
1128	129921
1129	130031
1130	131131
1131	132231
1132	133331
1133	134431
1134	135531
1135	136631
1136	137731
1137	138831
1138	139931
1139	140041
1140	141141
1141	142241
1142	143341
1143	144441
1144	145541
1145	146641
1146	147741
1147	148841
1148	149941
1149	150051
1150	151151
1151	152251
1152	153351
1153	154451
1154	155551
1155	156651
1156	157751
1157	158851
1158	159951
1159	160061
1160	161161
1161	162261
1162	163361
1163	164461
1164	165561
1165	166661
1166	167761
1167	168861
1168	169961
1169	170071
1170	171171
1171	172271
1172	173371
1173	174471
1174	175571
1175	176671
1176	177771
1177	178871
1178	179971
1179	180081
1180	181181
1181	182281
1182	183381
1183	184481
1184	185581
1185	186681
1186	187781
1187	188881
1188	189981
1189	190091
1190	191191
1191	192291
1192	193391
1193	194491
1194	195591
1195	196691
1196	197791
1197	198891
1198	199991
1199	200002
1200	201102
1201	202202
1202	203302
1203	204402
1204	205502
1205	206602
1206	207702
1207	208802
1208	209902
1209	210012
1210	211112
1211	212212
1212	213312
1213	214412
1214	215512
1215	216612
1216	217712
1217	218812
1218	219912
1219	220022
1220	221122
1221	222222
1222	223322
1223	224422
1224	225522
1225	226622
1226	227722
1227	228822
1228	229922
1229	230032
1230	231132
1231	232232
1232	233332
1233	234432
1234	235532
1235	236632
1236	237732
1237	238832
1238	239932
1239	240042
1240	241142
1241	242242
1242	243342
1243	244442
1244	245542
1245	246642
1246	247742
1247	248842
1248	249942
1249	250052
1250	251152
1251	252252
1252	253352
1253	254452
1254	255552
1255	256652
1256	257752
1257	258852
1258	259952
1259	260062
1260	261162
1261	262262
1262	263362
1263	264462
1264	265562
1265	266662
1266	267762
1267	268862
1268	269962
1269	270072
1270	271172
1271	272272
1272	273372
1273	274472
1274	275572
1275	276672
1276	277772
1277	278872
1278	279972
1279	280082
1280	281182
1281	282282
1282	283382
1283	284482
1284	285582
1285	286682
1286	287782
1287	288882
1288	289982
1289	290092
1290	291192
1291	292292
1292	293392
1293	294492
1294	295592
1295	296692
1296	297792
1297	298892
1298	299992
1299	300003
1300	301103
1301	302203
1302	303303
1303	304403
1304	305503
1305	306603
1306	307703
1307	308803
1308	309903
1309	310013
1310	311113
1311	312213
1312	313313
1313	314413
1314	315513
1315	316613
1316	317713
1317	318813
1318	319913
1319	320023
1320	321123
1321	322223
1322	323323
1323	324423
1324	325523
1325	326623
1326	327723
1327	328823
1328	329923
1329	330033
1330	331133
1331	332233
1332	333333
1333	334433
1334	335533
1335	336633
1336	337733
1337	338833
1338	339933
1339	340043
1340	341143
1341	342243
1342	343343
1343	344443
1344	345543
1345	346643
1346	347743
1347	348843
1348	349943
1349	350053
1350	351153
1351	352253
1352	353353
1353	354453
1354	355553
1355	356653
1356	357753
1357	358853
1358	359953
1359	360063
1360	361163
1361	362263
1362	363363
1363	364463
1364	365563
1365	366663
1366	367763
1367	368863
1368	369963
1369	370073
1370	371173
1371	372273
1372	373373
1373	374473
1374	375573
1375	376673
1376	377773
1377	378873
1378	379973
1379	380083
1380	381183
1381	382283
1382	383383
1383	384483
1384	385583
1385	386683
1386	387783
1387	388883
1388	389983
1389	390093
1390	391193
1391	392293
1392	393393
1393	394493
1394	395593
1395	396693
1396	397793
1397	398893
1398	399993
1399	400004
1400	401104
1401	402204
1402	403304
1403	404404
1404	405504
1405	406604
1406	407704
1407	408804
1408	409904
1409	410014
1410	411114
1411	412214
1412	413314
1413	414414
1414	415514
1415	416614
1416	417714
1417	418814
1418	419914
1419	420024
1420	421124
1421	422224
1422	423324
1423	424424
1424	425524
1425	426624
1426	427724
1427	428824
1428	429924
1429	430034
1430	431134
1431	432234
1432	433334
1433	434434
1434	435534
1435	436634
1436	437734
1437	438834
1438	439934
1439	440044
1440	441144
1441	442244
1442	443344
1443	444444
1444	445544
1445	446644
1446	447744
1447	448844
1448	449944
1449	450054
1450	451154
1451	452254
1452	453354
1453	454454
1454	455554
1455	456654
1456	457754
1457	458854
1458	459954
1459	460064
1460	461164
1461	462264
1462	463364
1463	464464
1464	465564
1465	466664
1466	467764
1467	468864
1468	469964
1469	470074
1470	471174
1471	472274
1472	473374
1473	474474
1474	475574
1475	476674
1476	477774
1477	478874
1478	479974
1479	480084
1480	481184
1481	482284
1482	483384
1483	484484
1484	485584
1485	486684
1486	487784
1487	488884
1488	489984
1489	490094
1490	491194
1491	492294
1492	493394
1493	494494
1494	495594
1495	496694
1496	497794
1497	498894
1498	499994
1499	500005
1500	501105
1501	502205
1502	503305
1503	504405
1504	505505
1505	506605
1506	507705
1507	508805
1508	509905
1509	510015
1510	511115
1511	512215
1512	513315
1513	514415
1514	515515
1515	516615
1516	517715
1517	518815
1518	519915
1519	520025
1520	521125
1521	522225
1522	523325
1523	524425
1524	525525
1525	526625
1526	527725
1527	528825
1528	529925
1529	530035
1530	531135
1531	532235
1532	533335
1533	534435
1534	535535
1535	536635
1536	537735
1537	538835
1538	539935
1539	540045
1540	541145
1541	542245
1542	543345
1543	544445
1544	545545
1545	546645
1546	547745
1547	548845
1548	549945
1549	550055
1550	551155
1551	552255
1552	553355
1553	554455
1554	555555
1555	556655
1556	557755
1557	558855
1558	559955
1559	560065
1560	561165
1561	562265
1562	563365
1563	564465
1564	565565
1565	566665
1566	567765
1567	568865
1568	569965
1569	570075
1570	571175
1571	572275
1572	573375
1573	574475
1574	575575
1575	576675
1576	577775
1577	578875
1578	579975
1579	580085
1580	581185
1581	582285
1582	583385
1583	584485
1584	585585
1585	586685
1586	587785
1587	588885
1588	589985
1589	590095
1590	591195
1591	592295
1592	593395
1593	594495
1594	595595
1595	596695
1596	597795
1597	598895
1598	599995
1599	600006
1600	601106
1601	602206
1602	603306
1603	604406
1604	605506
1605	606606
1606	607706
1607	608806
1608	609906
1609	610016
1610	611116
1611	612216
1612	613316
1613	614416
1614	615516
1615	616616
1616	617716
1617	618816
1618	619916
1619	620026
1620	621126
1621	622226
1622	623326
1623	624426
1624	625526
1625	626626
1626	627726
1627	628826
1628	629926
1629	630036
1630	631136
1631	632236
1632	633336
1633	634436
1634	635536
1635	636636
1636	637736
1637	638836
1638	639936
1639	640046
1640	641146
1641	642246
1642	643346
1643	644446
1644	645546
1645	646646
1646	647746
1647	648846
1648	649946
1649	650056
1650	651156
1651	652256
1652	653356
1653	654456
1654	655556
1655	656656
1656	657756
1657	658856
1658	659956
1659	660066
1660	661166
1661	662266
1662	663366
1663	664466
1664	665566
1665	666666
1666	667766
1667	668866
1668	669966
1669	670076
1670	671176
1671	672276
1672	673376
1673	674476
1674	675576
1675	676676
1676	677776
1677	678876
1678	679976
1679	680086
1680	681186
1681	682286
1682	683386
1683	684486
1684	685586
1685	686686
1686	687786
1687	688886
1688	689986
1689	690096
1690	691196
1691	692296
1692	693396
1693	694496
1694	695596
1695	696696
1696	697796
1697	698896
1698	699996
1699	700007
1700	701107
1701	702207
1702	703307
1703	704407
1704	705507
1705	706607
1706	707707
1707	708807
1708	709907
1709	710017
1710	711117
1711	712217
1712	713317
1713	714417
1714	715517
1715	716617
1716	717717
1717	718817
1718	719917
1719	720027
1720	721127
1721	722227
1722	723327
1723	724427
1724	725527
1725	726627
1726	727727
1727	728827
1728	729927
1729	730037
1730	731137
1731	732237
1732	733337
1733	734437
1734	735537
1735	736637
1736	737737
1737	738837
1738	739937
1739	740047
1740	741147
1741	742247
1742	743347
1743	744447
1744	745547
1745	746647
1746	747747
1747	748847
1748	749947
1749	750057
1750	751157
1751	752257
1752	753357
1753	754457
1754	755557
1755	756657
1756	757757
1757	758857
1758	759957
1759	760067
1760	761167
1761	762267
1762	763367
1763	764467
1764	765567
1765	766667
1766	767767
1767	768867
1768	769967
1769	770077
1770	771177
1771	772277
1772	773377
1773	774477
1774	775577
1775	776677
1776	777777
1777	778877
1778	779977
1779	780087
1780	781187
1781	782287
1782	783387
1783	784487
1784	785587
1785	786687
1786	787787
1787	788887
1788	789987
1789	790097
1790	791197
1791	792297
1792	793397
1793	794497
1794	795597
1795	796697
1796	797797
1797	798897
1798	799997
1799	800008
1800	801108
1801	802208
1802	803308
1803	804408
1804	805508
1805	806608
1806	807708
1807	808808
1808	809908
1809	810018
1810	811118
1811	812218
1812	813318
1813	814418
1814	815518
1815	816618
1816	817718
1817	818818
1818	819918
1819	820028
1820	821128
1821	822228
1822	823328
1823	824428
1824	825528
1825	826628
1826	827728
1827	828828
1828	829928
1829	830038
1830	831138
1831	832238
1832	833338
1833	834438
1834	835538
1835	836638
1836	837738
1837	838838
1838	839938
1839	840048
1840	841148
1841	842248
1842	843348
1843	844448
1844	845548
1845	846648
1846	847748
1847	848848
1848	849948
1849	850058
1850	851158
1851	852258
1852	853358
1853	854458
1854	855558
1855	856658
1856	857758
1857	858858
1858	859958
1859	860068
1860	861168
1861	862268
1862	863368
1863	864468
1864	865568
1865	866668
1866	867768
1867	868868
1868	869968
1869	870078
1870	871178
1871	872278
1872	873378
1873	874478
1874	875578
1875	876678
1876	877778
1877	878878
1878	879978
1879	880088
1880	881188
1881	882288
1882	883388
1883	884488
1884	885588
1885	886688
1886	887788
1887	888888
1888	889988
1889	890098
1890	891198
1891	892298
1892	893398
1893	894498
1894	895598
1895	896698
1896	897798
1897	898898
1898	899998
1899	900009
1900	901109
1901	902209
1902	903309
1903	904409
1904	905509
1905	906609
1906	907709
1907	908809
1908	909909
1909	910019
1910	911119
1911	912219
1912	913319
1913	914419
1914	915519
1915	916619
1916	917719
1917	918819
1918	919919
1919	920029
1920	921129
1921	922229
1922	923329
1923	924429
1924	925529
1925	926629
1926	927729
1927	928829
1928	929929
1929	930039
1930	931139
1931	932239
1932	933339
1933	934439
1934	935539
1935	936639
1936	937739
1937	938839
1938	939939
1939	940049
1940	941149
1941	942249
1942	943349
1943	944449
1944	945549
1945	946649
1946	947749
1947	948849
1948	949949
1949	950059
1950	951159
1951	952259
1952	953359
1953	954459
1954	955559
1955	956659
1956	957759
1957	958859
1958	959959
1959	960069
1960	961169
1961	962269
1962	963369
1963	964469
1964	965569
1965	966669
1966	967769
1967	968869
1968	969969
1969	970079
1970	971179
1971	972279
1972	973379
1973	974479
1974	975579
1975	976679
1976	977779
1977	978879
1978	979979
1979	980089
1980	981189
1981	982289
1982	983389
1983	984489
1984	985589
1985	986689
1986	987789
1987	988889
1988	989989
1989	990099
1990	991199
1991	992299
1992	993399
1993	994499
1994	995599
1995	996699
1996	997799
1997	998899
1998	999999
1999	1000001
2000	1001001
2001	1002001
2002	1003001
2003	1004001
2004	1005001
2005	1006001
2006	1007001
2007	1008001
2008	1009001
2009	1010101
2010	1011101
2011	1012101
2012	1013101
2013	1014101
2014	1015101
2015	1016101
2016	1017101
2017	1018101
2018	1019101
2019	1020201
2020	1021201
2021	1022201
2022	1023201
2023	1024201
2024	1025201
2025	1026201
2026	1027201
2027	1028201
2028	1029201
2029	1030301
2030	1031301
2031	1032301
2032	1033301
2033	1034301
2034	1035301
2035	1036301
2036	1037301
2037	1038301
2038	1039301
2039	1040401
2040	1041401
2041	1042401
2042	1043401
2043	1044401
2044	1045401
2045	1046401
2046	1047401
2047	1048401
2048	1049401
2049	1050501
2050	1051501
2051	1052501
2052	1053501
2053	1054501
2054	1055501
2055	1056501
2056	1057501
2057	1058501
2058	1059501
2059	1060601
2060	1061601
2061	1062601
2062	1063601
2063	1064601
2064	1065601
2065	1066601
2066	1067601
2067	1068601
2068	1069601
2069	1070701
2070	1071701
2071	1072701
2072	1073701
2073	1074701
2074	1075701
2075	1076701
2076	1077701
2077	1078701
2078	1079701
2079	1080801
2080	1081801
2081	1082801
2082	1083801
2083	1084801
2084	1085801
2085	1086801
2086	1087801
2087	1088801
2088	1089801
2089	1090901
2090	1091901
2091	1092901
2092	1093901
2093	1094901
2094	1095901
2095	1096901
2096	1097901
2097	1098901
2098	1099901
2099	1100011
2100	1101011
2101	1102011
2102	1103011
2103	1104011
2104	1105011
2105	1106011
2106	1107011
2107	1108011
2108	1109011
2109	1110111
2110	1111111
2111	1112111
2112	1113111
2113	1114111
2114	1115111
2115	1116111
2116	1117111
2117	1118111
2118	1119111
2119	1120211
2120	1121211
2121	1122211
2122	1123211
2123	1124211
2124	1125211
2125	1126211
2126	1127211
2127	1128211
2128	1129211
2129	1130311
2130	1131311
2131	1132311
2132	1133311
2133	1134311
2134	1135311
2135	1136311
2136	1137311
2137	1138311
2138	1139311
2139	1140411
2140	1141411
2141	1142411
2142	1143411
2143	1144411
2144	1145411
2145	1146411
2146	1147411
2147	1148411
2148	1149411
2149	1150511
2150	1151511
2151	1152511
2152	1153511
2153	1154511
2154	1155511
2155	1156511
2156	1157511
2157	1158511
2158	1159511
2159	1160611
2160	1161611
2161	1162611
2162	1163611
2163	1164611
2164	1165611
2165	1166611
2166	1167611
2167	1168611
2168	1169611
2169	1170711
2170	1171711
2171	1172711
2172	1173711
2173	1174711
2174	1175711
2175	1176711
2176	1177711
2177	1178711
2178	1179711
2179	1180811
2180	1181811
2181	1182811
2182	1183811
2183	1184811
2184	1185811
2185	1186811
2186	1187811
2187	1188811
2188	1189811
2189	1190911
2190	1191911
2191	1192911
2192	1193911
2193	1194911
2194	1195911
2195	1196911
2196	1197911
2197	1198911
2198	1199911
2199	1200021
2200	1201021
2201	1202021
2202	1203021
2203	1204021
2204	1205021
2205	1206021
2206	1207021
2207	1208021
2208	1209021
2209	1210121
2210	1211121
2211	1212121
2212	1213121
2213	1214121
2214	1215121
2215	1216121
2216	1217121
2217	1218121
2218	1219121
2219	1220221
2220	1221221
2221	1222221
2222	1223221
2223	1224221
2224	1225221
2225	1226221
2226	1227221
2227	1228221
2228	1229221
2229	1230321
2230	1231321
2231	1232321
2232	1233321
2233	1234321
2234	1235321
2235	1236321
2236	1237321
2237	1238321
2238	1239321
2239	1240421
2240	1241421
2241	1242421
2242	1243421
2243	1244421
2244	1245421
2245	1246421
2246	1247421
2247	1248421
2248	1249421
2249	1250521
2250	1251521
2251	1252521
2252	1253521
2253	1254521
2254	1255521
2255	1256521
2256	1257521
2257	1258521
2258	1259521
2259	1260621
2260	1261621
2261	1262621
2262	1263621
2263	1264621
2264	1265621
2265	1266621
2266	1267621
2267	1268621
2268	1269621
2269	1270721
2270	1271721
2271	1272721
2272	1273721
2273	1274721
2274	1275721
2275	1276721
2276	1277721
2277	1278721
2278	1279721
2279	1280821
2280	1281821
2281	1282821
2282	1283821
2283	1284821
2284	1285821
2285	1286821
2286	1287821
2287	1288821
2288	1289821
2289	1290921
2290	1291921
2291	1292921
2292	1293921
2293	1294921
2294	1295921
2295	1296921
2296	1297921
2297	1298921
2298	1299921
2299	1300031
2300	1301031
2301	1302031
2302	1303031
2303	1304031
2304	1305031
2305	1306031
2306	1307031
2307	1308031
2308	1309031
2309	1310131
2310	1311131
2311	1312131
2312	1313131
2313	1314131
2314	1315131
2315	1316131
2316	1317131
2317	1318131
2318	1319131
2319	1320231
2320	1321231
2321	1322231
2322	1323231
2323	1324231
2324	1325231
2325	1326231
2326	1327231
2327	1328231
2328	1329231
2329	1330331
2330	1331331
2331	1332331
2332	1333331
2333	1334331
2334	1335331
2335	1336331
2336	1337331
2337	1338331
2338	1339331
2339	1340431
2340	1341431
2341	1342431
2342	1343431
2343	1344431
2344	1345431
2345	1346431
2346	1347431
2347	1348431
2348	1349431
2349	1350531
2350	1351531
2351	1352531
2352	1353531
2353	1354531
2354	1355531
2355	1356531
2356	1357531
2357	1358531
2358	1359531
2359	1360631
2360	1361631
2361	1362631
2362	1363631
2363	1364631
2364	1365631
2365	1366631
2366	1367631
2367	1368631
2368	1369631
2369	1370731
2370	1371731
2371	1372731
2372	1373731
2373	1374731
2374	1375731
2375	1376731
2376	1377731
2377	1378731
2378	1379731
2379	1380831
2380	1381831
2381	1382831
2382	1383831
2383	1384831
2384	1385831
2385	1386831
2386	1387831
2387	1388831
2388	1389831
2389	1390931
2390	1391931
2391	1392931
2392	1393931
2393	1394931
2394	1395931
2395	1396931
2396	1397931
2397	1398931
2398	1399931
2399	1400041
2400	1401041
2401	1402041
2402	1403041
2403	1404041
2404	1405041
2405	1406041
2406	1407041
2407	1408041
2408	1409041
2409	1410141
2410	1411141
2411	1412141
2412	1413141
2413	1414141
2414	1415141
2415	1416141
2416	1417141
2417	1418141
2418	1419141
2419	1420241
2420	1421241
2421	1422241
2422	1423241
2423	1424241
2424	1425241
2425	1426241
2426	1427241
2427	1428241
2428	1429241
2429	1430341
2430	1431341
2431	1432341
2432	1433341
2433	1434341
2434	1435341
2435	1436341
2436	1437341
2437	1438341
2438	1439341
2439	1440441
2440	1441441
2441	1442441
2442	1443441
2443	1444441
2444	1445441
2445	1446441
2446	1447441
2447	1448441
2448	1449441
2449	1450541
2450	1451541
2451	1452541
2452	1453541
2453	1454541
2454	1455541
2455	1456541
2456	1457541
2457	1458541
2458	1459541
2459	1460641
2460	1461641
2461	1462641
2462	1463641
2463	1464641
2464	1465641
2465	1466641
2466	1467641
2467	1468641
2468	1469641
2469	1470741
2470	1471741
2471	1472741
2472	1473741
2473	1474741
2474	1475741
2475	1476741
2476	1477741
2477	1478741
2478	1479741
2479	1480841
2480	1481841
2481	1482841
2482	1483841
2483	1484841
2484	1485841
2485	1486841
2486	1487841
2487	1488841
2488	1489841
2489	1490941
2490	1491941
2491	1492941
2492	1493941
2493	1494941
2494	1495941
2495	1496941
2496	1497941
2497	1498941
2498	1499941
2499	1500051
2500	1501051
2501	1502051
2502	1503051
2503	1504051
2504	1505051
2505	1506051
2506	1507051
2507	1508051
2508	1509051
2509	1510151
2510	1511151
2511	1512151
2512	1513151
2513	1514151
2514	1515151
2515	1516151
2516	1517151
2517	1518151
2518	1519151
2519	1520251
2520	1521251
2521	1522251
2522	1523251
2523	1524251
2524	1525251
2525	1526251
2526	1527251
2527	1528251
2528	1529251
2529	1530351
2530	1531351
2531	1532351
2532	1533351
2533	1534351
2534	1535351
2535	1536351
2536	1537351
2537	1538351
2538	1539351
2539	1540451
2540	1541451
2541	1542451
2542	1543451
2543	1544451
2544	1545451
2545	1546451
2546	1547451
2547	1548451
2548	1549451
2549	1550551
2550	1551551
2551	1552551
2552	1553551
2553	1554551
2554	1555551
2555	1556551
2556	1557551
2557	1558551
2558	1559551
2559	1560651
2560	1561651
2561	1562651
2562	1563651
2563	1564651
2564	1565651
2565	1566651
2566	1567651
2567	1568651
2568	1569651
2569	1570751
2570	1571751
2571	1572751
2572	1573751
2573	1574751
2574	1575751
2575	1576751
2576	1577751
2577	1578751
2578	1579751
2579	1580851
2580	1581851
2581	1582851
2582	1583851
2583	1584851
2584	1585851
2585	1586851
2586	1587851
2587	1588851
2588	1589851
2589	1590951
2590	1591951
2591	1592951
2592	1593951
2593	1594951
2594	1595951
2595	1596951
2596	1597951
2597	1598951
2598	1599951
2599	1600061
2600	1601061
2601	1602061
2602	1603061
2603	1604061
2604	1605061
2605	1606061
2606	1607061
2607	1608061
2608	1609061
2609	1610161
2610	1611161
2611	1612161
2612	1613161
2613	1614161
2614	1615161
2615	1616161
2616	1617161
2617	1618161
2618	1619161
2619	1620261
2620	1621261
2621	1622261
2622	1623261
2623	1624261
2624	1625261
2625	1626261
2626	1627261
2627	1628261
2628	1629261
2629	1630361
2630	1631361
2631	1632361
2632	1633361
2633	1634361
2634	1635361
2635	1636361
2636	1637361
2637	1638361
2638	1639361
2639	1640461
2640	1641461
2641	1642461
2642	1643461
2643	1644461
2644	1645461
2645	1646461
2646	1647461
2647	1648461
2648	1649461
2649	1650561
2650	1651561
2651	1652561
2652	1653561
2653	1654561
2654	1655561
2655	1656561
2656	1657561
2657	1658561
2658	1659561
2659	1660661
2660	1661661
2661	1662661
2662	1663661
2663	1664661
2664	1665661
2665	1666661
2666	1667661
2667	1668661
2668	1669661
2669	1670761
2670	1671761
2671	1672761
2672	1673761
2673	1674761
2674	1675761
2675	1676761
2676	1677761
2677	1678761
2678	1679761
2679	1680861
2680	1681861
2681	1682861
2682	1683861
2683	1684861
2684	1685861
2685	1686861
2686	1687861
2687	1688861
2688	1689861
2689	1690961
2690	1691961
2691	1692961
2692	1693961
2693	1694961
2694	1695961
2695	1696961
2696	1697961
2697	1698961
2698	1699961
2699	1700071
2700	1701071
2701	1702071
2702	1703071
2703	1704071
2704	1705071
2705	1706071
2706	1707071
2707	1708071
2708	1709071
2709	1710171
2710	1711171
2711	1712171
2712	1713171
2713	1714171
2714	1715171
2715	1716171
2716	1717171
2717	1718171
2718	1719171
2719	1720271
2720	1721271
2721	1722271
2722	1723271
2723	1724271
2724	1725271
2725	1726271
2726	1727271
2727	1728271
2728	1729271
2729	1730371
2730	1731371
2731	1732371
2732	1733371
2733	1734371
2734	1735371
2735	1736371
2736	1737371
2737	1738371
2738	1739371
2739	1740471
2740	1741471
2741	1742471
2742	1743471
2743	1744471
2744	1745471
2745	1746471
2746	1747471
2747	1748471
2748	1749471
2749	1750571
2750	1751571
2751	1752571
2752	1753571
2753	1754571
2754	1755571
2755	1756571
2756	1757571
2757	1758571
2758	1759571
2759	1760671
2760	1761671
2761	1762671
2762	1763671
2763	1764671
2764	1765671
2765	1766671
2766	1767671
2767	1768671
2768	1769671
2769	1770771
2770	1771771
2771	1772771
2772	1773771
2773	1774771
2774	1775771
2775	1776771
2776	1777771
2777	1778771
2778	1779771
2779	1780871
2780	1781871
2781	1782871
2782	1783871
2783	1784871
2784	1785871
2785	1786871
2786	1787871
2787	1788871
2788	1789871
2789	1790971
2790	1791971
2791	1792971
2792	1793971
2793	1794971
2794	1795971
2795	1796971
2796	1797971
2797	1798971
2798	1799971
2799	1800081
2800	1801081
2801	1802081
2802	1803081
2803	1804081
2804	1805081
2805	1806081
2806	1807081
2807	1808081
2808	1809081
2809	1810181
2810	1811181
2811	1812181
2812	1813181
2813	1814181
2814	1815181
2815	1816181
2816	1817181
2817	1818181
2818	1819181
2819	1820281
2820	1821281
2821	1822281
2822	1823281
2823	1824281
2824	1825281
2825	1826281
2826	1827281
2827	1828281
2828	1829281
2829	1830381
2830	1831381
2831	1832381
2832	1833381
2833	1834381
2834	1835381
2835	1836381
2836	1837381
2837	1838381
2838	1839381
2839	1840481
2840	1841481
2841	1842481
2842	1843481
2843	1844481
2844	1845481
2845	1846481
2846	1847481
2847	1848481
2848	1849481
2849	1850581
2850	1851581
2851	1852581
2852	1853581
2853	1854581
2854	1855581
2855	1856581
2856	1857581
2857	1858581
2858	1859581
2859	1860681
2860	1861681
2861	1862681
2862	1863681
2863	1864681
2864	1865681
2865	1866681
2866	1867681
2867	1868681
2868	1869681
2869	1870781
2870	1871781
2871	1872781
2872	1873781
2873	1874781
2874	1875781
2875	1876781
2876	1877781
2877	1878781
2878	1879781
2879	1880881
2880	1881881
2881	1882881
2882	1883881
2883	1884881
2884	1885881
2885	1886881
2886	1887881
2887	1888881
2888	1889881
2889	1890981
2890	1891981
2891	1892981
2892	1893981
2893	1894981
2894	1895981
2895	1896981
2896	1897981
2897	1898981
2898	1899981
2899	1900091
2900	1901091
2901	1902091
2902	1903091
2903	1904091
2904	1905091
2905	1906091
2906	1907091
2907	1908091
2908	1909091
2909	1910191
2910	1911191
2911	1912191
2912	1913191
2913	1914191
2914	1915191
2915	1916191
2916	1917191
2917	1918191
2918	1919191
2919	1920291
2920	1921291
2921	1922291
2922	1923291
2923	1924291
2924	1925291
2925	1926291
2926	1927291
2927	1928291
2928	1929291
2929	1930391
2930	1931391
2931	1932391
2932	1933391
2933	1934391
2934	1935391
2935	1936391
2936	1937391
2937	1938391
2938	1939391
2939	1940491
2940	1941491
2941	1942491
2942	1943491
2943	1944491
2944	1945491
2945	1946491
2946	1947491
2947	1948491
2948	1949491
2949	1950591
2950	1951591
2951	1952591
2952	1953591
2953	1954591
2954	1955591
2955	1956591
2956	1957591
2957	1958591
2958	1959591
2959	1960691
2960	1961691
2961	1962691
2962	1963691
2963	1964691
2964	1965691
2965	1966691
2966	1967691
2967	1968691
2968	1969691
2969	1970791
2970	1971791
2971	1972791
2972	1973791
2973	1974791
2974	1975791
2975	1976791
2976	1977791
2977	1978791
2978	1979791
2979	1980891
2980	1981891
2981	1982891
2982	1983891
2983	1984891
2984	1985891
2985	1986891
2986	1987891
2987	1988891
2988	1989891
2989	1990991
2990	1991991
2991	1992991
2992	1993991
2993	1994991
2994	1995991
2995	1996991
2996	1997991
2997	1998991
2998	1999991
